File 20240103_182005.jpg (0): (0, 3, 4, 9, 10, 17, 18, 19, 20, 21, 23, 24, 37)
File 20240103_182036.jpg (1): (0, 3, 4, 9, 10, 17, 18, 19, 20, 21, 23, 24, 37)
File 20240103_182122.jpg (2): (0, 3, 4, 9, 10, 17, 18, 19, 20, 21, 23, 24, 37)
File 20240103_182202.jpg (3): (0, 3, 4, 9, 10, 17, 18, 19, 20, 21, 23, 24, 37)
File 20240103_182354.jpg (4): (0, 3, 4, 9, 10, 17, 18, 19, 20, 21, 23, 24, 37)
File 20240103_182426.jpg (5): (0, 3, 4, 9, 10, 17, 18, 19, 20, 21, 23, 24, 37)
File 20240103_200353.jpg (6): (0, 3, 4, 9, 10, 17, 18, 19, 20, 21, 23, 24, 37)
File 20240103_200419.jpg (7): (0, 3, 4, 9, 10, 17, 18, 19, 20, 21, 23, 24, 37)
File 20240103_200435.jpg (8): (0, 3, 4, 9, 10, 17, 18, 19, 20, 21, 23, 24, 37)
File 20240103_200450.jpg (9): (0, 3, 4, 9, 10, 17, 18, 19, 20, 21, 23, 24, 37)
File 20240103_200515.jpg (10): (0, 3, 4, 9, 10, 16, 17, 18, 20, 29, 36, 37, 38, 39, 40, 41, 42, 43)
File 20240103_200523.jpg (11): (0, 3, 4, 9, 10, 17, 18, 19, 20, 21, 23, 24, 37)
File 20240103_200529.jpg (12): (0, 3, 4, 9, 10, 16, 17, 18, 20, 29, 36, 37, 38, 39, 40, 41, 42, 43)
File 20240103_200548.jpg (13): (0, 3, 4, 9, 10, 16, 17, 18, 20, 29, 36, 37, 38, 39, 40, 41, 42, 43)
File 20240103_200605.jpg (14): (0, 3, 4, 9, 10, 16, 17, 18, 20, 29, 36, 37, 38, 39, 40, 41, 42, 43)
File 20240103_200614.jpg (15): (0, 3, 4, 9, 10, 16, 17, 18, 20, 29, 36, 37, 38, 39, 40, 41, 42, 43)
File 20240103_200659.jpg (16): (0, 3, 4, 9, 10, 16, 17, 18, 20, 29, 36, 37, 38, 39, 40, 41, 42, 43)
File 20240103_200724.jpg (17): (0, 3, 4, 9, 10, 17, 18, 19, 20, 21, 23, 24, 37)
File 20240103_200740.jpg (18): (0, 3, 4, 9, 10, 17, 18, 19, 20, 21, 23, 24, 37)
File 20240103_200759.jpg (19): (0, 3, 4, 9, 10, 17, 18, 19, 20, 21, 23, 24, 37)
File 20240103_200810.jpg (20): (0, 3, 4, 9, 10, 17, 18, 19, 20, 21, 23, 24, 37)
File 20240103_200822.jpg (21): (0, 3, 4, 9, 10, 17, 18, 19, 20, 21, 23, 24, 37)
File 20240103_200834.jpg (22): (0, 3, 4, 9, 10, 17, 18, 19, 20, 21, 23, 24, 37)
File og_araruama.jpg (23): (0, 3, 4, 9, 10, 17, 18, 19, 20, 21, 23, 24, 37)
File og_araruama1.jpg (24): (0, 3, 4, 9, 10, 17, 18, 19, 20, 21, 23, 24, 37)
File og_araruama2.jpg (25): (0, 3, 4, 9, 10, 17, 18, 19, 20, 21, 23, 24, 37)
File og_araruama3.jpg (26): (0, 3, 4, 9, 10, 17, 18, 19, 20, 21, 23, 24, 37)
File og_araruama4.jpg (27): (0, 3, 4, 9, 10, 17, 18, 19, 20, 21, 23, 24, 37)
File og_araruama5.jpg (28): (0, 3, 4, 9, 10, 17, 18, 19, 20, 21, 23, 24, 37)
File og_araruama6.jpg (29): (0, 3, 4, 9, 10, 17, 18, 19, 20, 21, 23, 24, 37)
File og_beto_e_piu.jpg (30): (0, 3, 4, 9, 10, 17, 18, 19, 21, 22, 34, 41, 42, 43)
File og_maya.jpg (31): (0, 3, 4, 9, 10, 17, 18, 19, 20, 21, 23, 24, 37)
File og_maya1.jpg (32): (0, 3, 4, 9, 10, 17, 18, 19, 20, 21, 23, 36, 43)
File og_maya2.jpg (33): (0, 3, 4, 9, 10, 17, 18, 19, 20, 21, 23, 36, 43)
File og_pandora.jpg (34): (0, 3, 4, 9, 10, 17, 18, 19, 20, 21, 23, 24, 37)
File og_pingo.jpg (35): (0, 3, 4, 9, 10, 17, 18, 19, 20, 21, 23, 24, 37)
File og_pingo1.jpg (36): (0, 3, 4, 9, 10, 17, 18, 19, 20, 21, 23, 36, 43)
File og_pingo2.jpg (37): (0, 3, 4, 9, 10, 17, 18, 19, 20, 21, 23, 24, 37)
File og_ryan1.jpg (38): (0, 3, 4, 9, 10, 17, 18, 19, 20, 21, 23, 24, 37)
File og_ryan5.jpg (39): (0, 3, 4, 9, 10, 17, 18, 19, 20, 21, 23, 36, 43)
File og_spock1.jpg (40): (0, 2, 4, 8, 9, 13, 16, 18, 19, 23, 29, 30, 33, 36, 37, 38, 39, 40, 41, 42, 43)
File og_toy.jpg (41): (0, 3, 4, 9, 10, 17, 18, 19, 20, 21, 23, 36, 43)
File og_toy1.jpg (42): (0, 3, 4, 9, 10, 17, 18, 19, 20, 21, 23, 24, 37)
